%YAML:1.0
    a: !!opencv-matrix
        rows: 3
        cols: 3
        dt: f
        data: [ 0.000000, 250.000000, 0.000000, 
            0.000000, 250.000000, 0.000000, 250.000000, 
            0.000000, 250.000000]
